1883 innox necionem.

G

01111101 papa. ·- Decreta. 311, 319, 1511.

1111110101 Μο1111. - De 660 0111011010. 981, 988, 1026,
1132, 1158. 1205. 1219, 1223, 1211, 1269, 1292, 1382,

‚ 1310, 11115, 1501, 1511, 1555.

Da illust. viris. 10201151.

6111001101 naritus. - 010100. lih. 119, 282, 301, 555,

511.1353.1101,1111,1503, 1525, 1596, 1696.

Epistulae. 231, 319. 331. 1021, 1011. 1015, 11581299,
1211, 1301. 1350. 1351, 1359, 1112. 1505, 15101511.

180 Ezechielem. 1018, 1119, 1392, 1111, 1118, 1511,
155

nentina. 189, 202. 300, 312, ete. 112, 199, 511, 615,
1050, 1052, 1129, 1226, 1281, 1319, tutte, 1355, 1113,
1111, 1120, 1130. 1161, 1168, 1169, 1512, 1525, 1518,
1519, 1512, 16961151.

10 lot. 10181119, 1211, iane. 1511, 1315.

Moralium lib. 196, 261, 291. 309, 311, 529, 1111, 868,
931, 911, 985, 1062, 1966, 1215, 1291, 1350, 1351, 1106,
1113, 1111, 1152, 1153, 1501, 1518. 1511, 1562, 1518,
1519,1595. 1591.
ffigpnppppl lib. 215, 298, 561, 568, 1019, 1225, 1351, 1151,

10 maj. Breviar. psalterii, 1100.

10 registro. 1315.

10 symbolo. 981, 1132.

10 diversis locis. 139, 655, 665, 685113, 815, 820.
909, 991. 1022, 1012, 1153, 1121, 11281151, 1116, 1513,
1638, 16991138, 1151.

6111101101 Nazianzenus. - 299.
6111001101 Vll papa. - 281, 338.

60100010110100. -1111101100186 1151, 1188.
0111000101010111. 538, 511, 1186.

ll

111110. - comment. iu epist. 1111601. 1192. - 10 00111.
1111 11011. 1355, 1119, 1101. - til 111111. 1121 - 86
11011111811. 188. 805, 818, 836, 812, 918, 901, 968,
969. 913, 911, 911, 1356.

1101011101. 1501.

Huius. - Pastor. 1559.
Heraea. -10111110 Dei. 1060, 1113, 1221.

1111110111101. - comment. iu 110101. 915. 1538. -Super
Canticum. 115. — laepia. an Cor. 1181, 1511. - lu
Daniel. 1321, 1391. -ln Eoelceiustcm. 1001, 1055,
11351316, 11118. - lu epist. 00 Epir. 1119, 1201, 1356,
1116, 1130, 1511. - erat. 110001. in tv Evangelia
1192. - 10 61101101. 131, 168, 960, 1021, 1113, 1502,
1511, 1598. - 111 attint. ad Gal. 239. 251, 330. 682, 1051,
1203, 1352. 1361, 1111. 1112. 15101601. -Lib 0011111.
Heln. in 1110011111. 118, 531, 191,1383. - Super 1111·
hocne. 1398. - 10 00111. nil llcbr. 1132. - Lib. nomin.
Hebraic. 189. - Super terentium. 1226. 1281, 1112,
1111. 1601. - 10 lunam. 1683. - 10 leniam. 110, 910,
10101010, 1601. - ,1000101100 5111111. 801, 1001,
1055, 1129, 1151, 1113. 1185, 1112, 1510, 1558, 1111.
- 811001 Nahnrn. 1595. - 10 Osee. 1191. - 1000111.
0118111100. 1115. - Super psalmos. 228, 1081, 1311,
1311, 1318, 1361, 1369, 1381,1381, tlte. 1133, 1131,
1111, 1111, 1155, 1166,1161,1521. - trojae breviarium
Pealterii. 1381. - illinus irreviar. Pnalt. 1381,1151. -
’1Γο 0011171210 11001. 566, 188, 1392, 1125, 1590. - An

101005 .

Dialogi contra Pelagium. 1512.

Epicteti Eustochium. 199, 201, 211, 225, 211, 212, 288,
290, 533, 561. 585, 829. 1012, 1096, 1185, 1208, 1358,
1393. 1391, 1112. 1181. 1192.

Epist. 011 Helio-lorum. l8l. 263, 266, 269, 356, 319.
3523961111, 1111, 11901198. 15112, 1511. 1585.

Epist. 06 teiam. 325, 326. 328, 1311, 1311

Epist. 116. Marcellam. 521. 621, 611, 13121121.

Epist. 06 Nepotianum 110, 219, 290, 591, 1018, 1281.

Epist. 011 Oceanum monach 265, 350. 113.
¹⁵{lpum 06 Rusticum. 161, 261, 325, 311, 591, 1181, 1500,

epto. 1111101 ad 6111011101. 129, 131,111, 115, 201, 211,
215. 216. 251. 255, 262. 298. 299. 302. eto. 330, 331, 332,
335. 355. 161, 533. 535, 585, 590. 011. 190, 111, 821,
863, etc. 933. 913 1035, 1οῑ16, 1165, 1119, 1186,
1189. 1251, 1269, 1301, 1313, 1319, 1386, 1391, 1100,
1122, 1125, 1129, 1131, 1119, 1509, 1523, 1528, 1538.
1550, 1555, 1559, 1591, 1531.

De illio prodigo. 1381, 1391.

Adversus turinianum. 130, 132, 160, 210. 318155,
591, 1033, 1161, 1180, liat. 1191, 1131, 1198, 1192,
1511. 15591565 1566, 1561Ι 1531.

Da membris Domini. 1523.

De Osanna. 133.

10 1001101001 1110010, 1291, 1301,1311, 1131, 1112.

10000111011101100. 198, 358, 1161, 1311.

Da perpetua virginitate D. Mariae 312, 123.
1⁴pige 111ἓέ,110 viris. 231, 211, 536122, 190, 915,

10 vim 1181110011. 152.

10 vita Matrini. 111.

10 vita Pauli eremi. 202 1038. 1169.

10 variis orriplie. 211, 212, 280 351. 399, 118. 116.
521. 515, 513. 511, 556, 589. 593, 601, 6115. 610. 611.
662611. 698100, 101, 112, 911, 993. 1018, 1091, 1
1110. 1150, 1153, 1160, 1118. 1192. 1256.1262,1285,1
13031926, 1312. 13621360. 1161,1113,1111. 1508,
1516.1611.1103,1126, 11381116, 1116. 1151. 1158.
ilicitanus Pii-t. -600110001, 10110111. 166, 1380, 1

1161. 11651180. 1515.

1510010101. 1232, 13621312, 138011061128, 1151. 1

Dc‘lrinitate 1951010, 1012, 10191019, 1112, 1
1316, 1352, 1358, 1368, 1380, 1131, 1112, 1151, 1
1101111101. - Epiet. 252, 601, 659, 593, 8901055, 1

011. 883.
linamente papa. - Decreta. 1163.

Epist. 0610160001 imperat. 1358, 1113.

111001111010000. -110111, 11010 0111010110, 1518.
vicinat· Rothomag. 253.
111οο101 11110. - De consonantia Novi et Veteris Taet
Epist. 235, 368, 1315.
Etyinuloiriurnrn 111. tin, 111, 119, 981, 1132, 121911
12651359, l: 63, 1515, 16081698.
60011011160101 111, 931.
0101101010 tin. 1112.
De ortu et ollito Petrum 399, 526, 1121, 1119, 1191.
Sententiarum elva da anmmo 1000 libri. 116, eno, n
1011, 1019, 1208, 1218, 1281, 1352, 1391, 1103, t!
1101, 1115, 1111, 1119, 1131, 1503, 1565, 1585, 1511, ll
1591, 1591, 1598, 1603, 1113.
synonymorum iibri. 1590.

’ 110 Carnot -110111, 13021518, 1563.

J

3011111 diaronua. - 10 vna S. 1111110111. 252. 1201, t-
101111100110. -110011110, 1191, 1518.

10101001. - Antiquitatum lib. 131, 113, 1223.
rutilius. -101010 0100010110. isca·

Jnaina. - ld lib. Rhetoric. 181,

lucina 0000. - Decreta. 1531.

301111101111001101. 253.

10111100.- Satyr. lib. 118, 252, 883, 1095.

1.

1101111100-101110111, 216, 1031, 1162.

Lao l papa. - Decreta. 1505.
Epist. 3621113, 1182.
501010000561, 1255, 1110.

Lao lll papa. - 629, 1301, 1351.
Lao 110100. - 111, 1112, iate.
Lucerna. - Pharo. 121, 136, 181, 210, 256, 311,

’ 1655.

n

0110101101. - saturnaliorum lib. 211, 291, 608,
10 sommo Scipionia. 1191, 1225, 1301, 1605.
1061101111 lucia 991, 1022, 1025, 1058, 1080, 1
1156, 1182. 1185. 1101.

1100101010ρὶ1110. 1186, 1192.
51110101. 011.

 

