4884

4368, 4349, {¹653} 1¹22} 4404, 4443, 4445, 4423, 4425, 4444,

454544, , .
1544Ἰο gratia'et libero arbitrio. 4390, 4394, 4420, 4453,

000400 haereses. 246, 4034, 4430, 4444, 4402, 4359,
Qfflmmmmmmmmm
4354, 4350, 4385, 4394, 4403, 4424, 4435, 4433, 4440,
4444, 4452, 4405, 4408, 4440, 4445, 4446, 4405, 4504,
4552, 4533, 4534, 4545, 4544, 4580, 4589, 4594, 4690.

Contra Maniolueos 4435.

Contra Mariniinumsliffl. 4435, 4450, 4445.

440 medisina 00004004. 299, 4509.

440 mendacio. 4002.

440 misericordia. 554, 4353, 4040.

440 moribus Ecclesiae. 4244, 4224, 4350, 4399, 4440,

440 moribus monach 000400 ltanirhaeos. 384, 4039.

440 004000 04 gratia. 4329, 4394, 4495. 4493, 4588.

440 natura summi boni. 4059. 4433.

440 0004440 04 00000040000440. 844, 4048, 4440, 4544,
4549, 4500, 4563. 4564.

4400044400. 353, 4040, 4200, 4040.

440 00004000 monachorum. 444, 233.

440 origine peccati. 4458.

Contra Pelagium. 4504.

De 0000440000. 4599.

440 predestinatione sanctorum. 4300, 4434.

40 Psaltnos. 520, 590, 845, 040, 4354, 4409, 4422, 4425,
4455, 4404, 4408, 4524, 4545. 4544, 4534, 4002.

440 0000444040 anirum. 4545.

0000440000. 293, 355, 033, 090, 094, 852. 004, 394, 892,
945, 940, 985. 990, 4044, 4043, 4094, 4095, 4444, 4423,
4434, 4443, 4224, 4234, 4294, 4292, 4294, 4300, 4303,
4320, 4324, 4355, 4553, 4300. 4568, 4540, 4544, 4345,
4344, 4393, 4384, 4590, 4394, 4392, 4394, 4395. 4405, 4400,
4443, 4444. 4444, 4449, 4422, 4428, 4434, 4444, 4452,
4455, 4456, 4404, 4502, 4542, 4545, 4534, 4539, 4545,
4580, 4590, 4004, 4404.

44040οι40 tornes. 254, 259, 432. 433, 453490, 4340, 4350,
4334, 4430, 4494. 4545, 4555, 4592.

Sermones. 440, 536, 539, 040, 4024, 4249, 4200, 4293,
4354, 4356. 4344. 4349. 4430. 4532, 4544, 4530, 4534.

440 singularitate elericorum. 4420, 4428.

Solito ruia 460.

140 spiritu et 4444000. 333, 989, 4000, 4093, 4323, 4585,
4594, 4594, 4444, 4400.

440 s nominituo.

llo rinitale. 444, 302, 303, 364, 965, 300, 054, 930,
939, 994, 4000, 4064, 4044, 4043, 4033, 4034, 4092, 4430,
4454. 4454, 4230, 4234, 4235, 4254, 4240, 4242, 4245,
4244, 4255, 4264, 4265, 4203, 4242, 4293, 4298, 4303,
4305, 4309, 4344, 4344, 4324, 4320, 4344, 4354, 4359,
4505, 4305, 4309, 4340, 4542, 4344, 4540. 45ῑ8, 4395,
⁴ 0330. 1163926, 4390, 4403, 4434, 4430, 4450, 4466, 4548,
· 0·, .

440 044444οῑ0 agendas paenitentias. 4523, 4532.

440 rora religione. 4008, 4009, 4200, 4592.

440 virginitate. 4440.

440 dono viduitatis. 349, 423.

440 vita 04 morinos clericorum. 444, 4590.

ln variis 40040. 292, 309, 340, 595. 449, 400, 493303,
504, 523, 600, 040. 022, 030. 054, 659, 045, 044, 650, 060,
042, 444, 439, 445, 400, 445, 489, 494, 943, 902. 994, 900,
4009, 4042. 4053, 4055, 4280, 4544, 4469, 4449, 4505,
4525, 4550, 4559, 4644, 4000, 4644, 4049, 4423, 4425,
4420, 4403, 4434, 4439, 4439, 4444, 4444, 4443, 4449,
4454, 4454, 4454. Β

Bastulus. 245.

Boos Venerabilis. - 4400000004. 40 Aeta 00004. 454, 342,

546, 604, 942, 4444, 4490.

40 apocalypsi. 4495. - 40 Lunam. 449, 4424. 4423, 4430,
4444, 4443, 4444, 4435. - 4493, 4494, 4543. - 40 Mare.
444. - 40 Metili. 4442.

4400400040-000 40 eant. 4443. - 40 parab. 4454. - 40
Το40004. 4465. ›

Supra Genesim 445.

ilistor. angl. 944.

4400444440. 4082, 4309, 4434, 4504, 4544, 4536, 4598,

- 4599. 4604.

440 natura rerum. 520, 443, 480.
Retractntiones (40 pror). 344. -
De tabernaculo. 4544.

40 diversis loeis. 4544, 4424.

INDEX ancroana.

4888

8000010000 3. - 40 regulis, 243, 245, 240, 249, 225, 228,
253ἰ306ξὲῖ09οὸ00812ἑ6290, 296, 238. 304, 504, 308. 340, 488,

Borrine. - comment. 40 Arist. categorias. 4284, 4504, .

8504000004044000 philos. 400, 449, 4043, 4059, 4483, ¹
4239, 4386, 4654.

De divisione. 4065, 4246, 4594.

Contra Eutirheu 04 440,-4004000. 823, 4453, 4432.

Hypnlh. syllogismi. 494, 4525.

140 040040ιο nutriris in Christo. 4440.

40 90440000400400. 004.

Super Porphyrium. 4040, 4444, 4448.

Super l'opie. Ciceronis. 980, 4064, 4065, 4066, 4243,
4249, 4252, 4258, 4266, 4240, 4294, 4355, 4405, 4584,
ἭΜΜΜΜΜΜΜΜΜΜ
ίῇωωῃωωωωω.

4400ιο0οι00 martyr. -ι- 343.
C

Canirros papa. - Decreta, 4599.

000οι000000 - Commentin Epist. ad Rom. 239, 542,
S1³)1e0'i119s1titntione divinarum Scripturernm. 4508.
40 Psalmos. 4423, 4454, 4448.

6000000000. - llomiliae 40 80404, ad Hebr. 246, 942,

4202, 4303, 4309. 4444, 4566, 45 2. - Super Matth. 4543,

4944, 4454, 4559, 4505, 4500, 4590.

440 0000005000 lapsi. 4609,

Humilia. varim. 293. 344, 443, 585, 609. 4044, 4093,
4522, 4593, 4426, 4440, 4443, 4454, 4442, 4542, 4598.

Cranno. - De amicitia. 4546.

lleoilleiis. 4544, 4544, 4644.

Rhetorica. 254, 443. 004. 902, 4005, 4045, 4084, 4440,
4243, 4246, 4344, 4540, 4442.

Tusculum. 400.

40 variis 40040. 659, 4454, 4448.

(4000000000. - 440 04040 animm. 4005, 4042, 4404, 4403,
4454, 4400, 4442.

Grunnius. - 00000004 40 00404. 00 Corinth. 4444,
Ad Rom. 239, 542, 942.

· Canama. Epist. ad 40000004. 4484. 4534, 4598.

Liber disputationum. 4489.

Caelestinus 00 a. - Decreta. 4583. .

Concilio. - 4404000004. 048. 0400400000. 049. 0000040000.
549. 0004040000. 324, 45-40, Aurelianense. 349, 4536. Ca·
liilonanse, 049, 4503. carthaginense. 544, 4464, 4504. Cur·
thagiuense tv. 4043, 4204. chalcedonense. 4544. Colope-
diense. 4500 4444004400004. 550, 4442. 0000000000. 904,
4534. Garinazieuse 649. 0000440000. 324, 322. Hispalensis.
245. 4404040000, 4544. llilevitnonm. 344. moguntinense.
343. 324. Νο000000. 4439. 4400040000. 649. 00000000.
044, 4554. 44040000000000, 543, 324. 'l'oleteuum 1. 4540.
Toletanum l. 349, 4555. lV. 4540. 4000040οι0. 4536, 4534.

cinnanos. - 440 0000 uenere 010ιο40040. 4604.
Epistulae. 524, 903, 4240. 4440, 4506, 4553
440 disciplina 04 habitu virgiuum. 4484.

Cratinus. illex. spise. - Epistoloe. 4044. 4303.

l)

44404000. Epist. 4033,
440 Spiritu 300040, 4044, 4302, 4449.

Β

Ennoea diaconus. 4384.
4404000οι00 Epist. 944.
4400000400. - Dicta Augustini. 4446.

44Ἶεῖ9024υο. - Hister. eccles. 439, 444, 204, 255, 44940

3000000 Emisenus. — llomil. de eorp. et sang. 440οι. 040. ‘
— llnmil. de symb. ild. 4525.

4400004000 papa. -· Decreta. 343, 4544.
F

anoarrius. - De immensitate Filii 004. 4009, 4445,
6⁴s⁶⁶dystsa0 4400404οο40. 4440.

 

