13 33111133131311133 ’ io

lue crue, 33133 3113 11133 13111, 31113 31133 31ιί13 331 convoincu 333 1ἶι chose 331 31331 : 1333313 Deus
1131133331, 3311133331 31113 133 313 3333 3333133133, recipitur. 13111113 31133133 331 11311 1333311313;11
cu 331 113 meroe 1133313331.

ι Lo 131, 111 1111311311,33133133113131133 133 choses 3111 3313311331 33131 3333 133 sens. C'esl l'ergu·
3331, 33133111 12131113, decenni 33 3313133131. 03 1313331331 331 13 131333 331 3333 33113 1313113 333
113331133131133 311 olle-ruenni 11111). » ¹lle 11 33131 11313311 inlice 3111311311 3333131 e 13131333 1331113131
conire 131131131133;33’11 1331311333 1333311 333 33 333 1113111313 3 113111, 3311 3331 33 3131331313313
131113311113333313 131. 113333331133331333111 3313131133, 311 33 33111 33 (1133333331. 1133331331 131313 leo
11311331131331111331 3111111313. 1111 3311 3113 1331331 133 3 3333331313 3331133333, 1111133 3333 333313. 11313
33311133 3333311113133331 on aucun 333, 33113 33331331 13 3131 33 nouvelle 1111111313, c'esl 333 13131
3131 333313313113113 131-1133333 13 13 13133333313 3131111113 33 3133333 1133 3113 13 3333313 33 3311 33
13111111331131133333 133133 133 deux 3333331 13313313313133333331333331 13 1131111, 133113 331 13 na·
lure 3333 3131313333.

C’cst 331333 principes 3111311311 31133131 313133133131 receuoir ses nouvelles 333113311333 13 13
11131111333133 333331333311113111-1133333 ; 11 11131 3133 3113311311 333 113 133 3331131111.

333-3113111133 131113311311311133311 33 sert 31111· 3131131131 lu 11131111311311 133 331333333· divinos 311·
3313311331 133331331331331 111333311133311333. Suus l'nno ou 313113331333313 13 33131113313133 ; 3333 133-
3313113313313 3111111113 se 13331131. Nous 31111313 ,11113113331333131 1313311331 333 311 13313 sons preuves)
3311331 3133131113 1311331 on 131111313333 31131113. 111113 33 3133 nc 3331 31133331 33 lnl, 1331 133311
113311111131113131111311133 133 3311333 1111313313333 33113 1113111. 011311 331 313311113133113 theologie,
3331111311 3333 3331133313 lo 1113 33311113 113 3131313331 31333 33113133 3313331133, 33133113 sagense,
1333 13 3131131133 13111331 11111 31133113 33 3131313331 31333 131111 1133111133 13 3313333331333
lc 3133331113 13 831311331111133133 31313133 3131131333113 133 1113133113 13133113313331 333 13 res·
11313113 1313313-331333333 Ι331113, curce 333131 33111 11331333 331313333 31 sou 3113131113 131-1313131
1131111113 siper 13 menie 1313311, 31113111311313333133313.1131333113 3331133331 13 13311 31113331 333
1331331331 333 3133111113113131311133,33133311 les possode 11 331311 11113. 1113111111, 13 3133, 3333311311·
13111333 les 13331331 1333331311 13 31111-333111,1133331 1333 3311 3311331 33113313133113133 Pero 31
cu Fris, 1113133113 133133 3311 331111331331313333. κ Est-ce 1333, 1331331 S. Beruard, 33313 Pero 31 13
rus procedent 13 1333133333. 113 8311313313 111313 31 31 1311 31 13311333 333131 dire, 333 1311133113 13
consubstantialiter ιι 111313 11 1313111, 3333 13 3331311, 331113 contingent 13 nelle 1131311313 personne, eu
1311311331113331· nutriunt 3313111333 13 113311 313113331331331333 333 3111313133, 31 33 13 representem
(111) 33111313 1113313 3131113, 31 331131133 13313311133111113 11331313 31331331 3311 y 313311133
crricshQuirliJ 33ὲ331133 [1113113133 111 ), 11 u’y 3 3133113, 31313313 distinction 331 puisse 333131 13

3131 333 3311133. “
Ρ133 theologicus incolomes 3331 331131133313 33111 liner le 3333 13 13 3333331133 33133313. «11331333
3333 3333111333 333 11333-(1111131 331 333 ironic—no personne 1333 13133111. 3333 33113333 33 31331
333 333 33113 personne, 3111 331 13 1111131, 3311 11113 1131311313 personne 13 1311111111. ‹ Le P. 113333 13111),
coiri 13313331331 nombrc‚n’y 113333 3311113331111111 113 1131331333, 3113113113 33133 1313331333·
131133 33 11331331311131113. 113131), 11311133 (11) y 3311 31333133 13 [3313111331 1311331 133 3111113133 1331
11311311 113111311131, 3311331 13 leuroiguogoilo 11331131 13 Soinl-Vlclor, curcur, 331 3333131311 1 3113333
1133311113 33 1331331331133, 111311 33131 331333 31333.

Volci uu article 33133113 331 333 11311113 3313311313 13 1133133311. « Tuus 33313333131111131·
1311, 3333311331 1 1113 333 13111333 (avant 11333-1111131131311 uu 3333311313313 sur 11313313, 31 3311 13
possederit 331 11311 decerpendo 13131331333313333313333111333131 3311 3 331333. Mais il 313 331311
3311133 331333 311131. 13 113 33 contraire 3331311333 33331113 33313131131 131 11331133 333 331 lc

331133133111133,1 1313331113 133 3311131, 31 3113131113 13 [lieu 1331333 3333 3331 3333 1111313113
333311311113 demon. ι 8313331 33131 11313311 1311 celle rc'llexion: «1333 333 13313313 33331333331
1333 chose, 31 33333331 3111313113333113113. 1133331 1331331, 33133331 31331 vos 133133 3331131333, 33
1331-3333333333 3333311331 les 13313313 cous conire 1333-131313111313 33113 comportet-vous 13
meilleur? 0133331333 inventii 13 3133 3311111 Qu'erez-vous 1133311311 13 3133 333131333 33 333133
331313 31 133 suges ont 333133 )3333’1 333133131 >r 11311 3333331 cl l'olrjel 1313 1333311133, 11 3133311333
13113133 31311333333311 133131 1111113113 331 13 genre 11313313, 3331311 11331Σ33133131133113313333-

3113133 13 laludio, ponvoir 3331111311313113133 11131333111333-1111131 ; pouvoir exprime percolui

31311 31131, 331 n'csl 33113 311333 33313 1131311 13311333133113333311331131313331 pouvcir par ccu-
3133331 1133 1131133113 33131 133 3111131 331133 31133331313 3313 131 cenric. « 13 13313, 313313 ce
1113, 33 33133333133313 13313133 13111333 11311 13313, 33 3331331333 333 13 13133133 3133 13 3313311.
,u 13 1313311 13 33 lyron, 31 33113113 1113111313 331 3 morire 13 1111 elce 3333111, 31131331 justes, 31313 seu·
13313313311313 11133 331 3 3313113 331 3331113111333111331. lior 313113 13 volente 333 13 justice se 1113, 31 333
1313 331333333. 11133113 33 111113 31131313 13 133111331333131113111311331 13 33131 333 3333 333311-
3333, 31133133 11311 13 1311133131· 331 3331331333 13 33113 331331, 3333113) lucunculo reuire- 1131·
1311, ’3 13333133113111), n'en 113311 333 33333, 31 33131 11313311 311 113311 1133.

1333113331 13 31313131· 133 113311 333 assez, en 11311331 13 1333311111113 11331133 ; 31331 333 33113
3133333113113311333111331313331 1333133313 so de'livrance. 11311-33, 311 ellel, 1331133313113313131113333
13 31331113 1333113 1113313333, 33 313111 11311-33 333 1331113113, 333 1313 1331311333, 331313311 1311,
dens l'excmple 31 l’euseignernenll 13 3333311111, que 13 grece 3133311113 1333113 1331113311333113
3311311333311131133333311133331133333 131133311111131,331131313311 33333 333 1113, 3111313113 33113
33131313 33331 jusque 33 13311 13 3333133113113 331 33333331313331 331333 3313133, 31 3311 3 13133·

(611) 1131 quippe 3333 3313113333 reruni non apparentium, lice 331 sensibus 33333313 333 suljom·
lium.

Fides 331333133331313333333333311313... 31333133131333133113 333 rei 1311331331 [3111.

1711111333 3313311133 Spiritum 33331333 unimam 3331111, quusi 31133331333113113333311.

110) 1713111311, 1. 1 ,3. llll.

(71111131. 1331. 333. 31311331, 31111.

(11 rucenniaco. 113151.

113 Gerr. Vir 1111311. p. 111.

 

